MATHS: 90 1
[v3d (0, 15.3333, 0)] [v3d (0, 0, 15.3333)] 138 [v3d (69, -76.6667, -76.6667)]
ROW 0: [v3d (69, -76.6667, 61.3333)] [v3d (69, -61.3333, 61.3333)] [v3d (69, -46, 61.3333)] [v3d (69, -30.6667, 61.3333)] [v3d (69, -15.3333, 61.3333)] [v3d (69, 7.10543e-15, 61.3333)] [v3d (69, 15.3333, 61.3333)] [v3d (69, 30.6667, 61.3333)] [v3d (69, 46, 61.3333)] [v3d (69, 61.3333, 61.3333)] 
ROW 1: [v3d (69, -76.6667, 46)] [v3d (69, -61.3333, 46)] [v3d (69, -46, 46)] [v3d (69, -30.6667, 46)] [v3d (69, -15.3333, 46)] [v3d (69, 7.10543e-15, 46)] [v3d (69, 15.3333, 46)] [v3d (69, 30.6667, 46)] [v3d (69, 46, 46)] [v3d (69, 61.3333, 46)] 
ROW 2: [v3d (69, -76.6667, 30.6667)] [v3d (69, -61.3333, 30.6667)] [v3d (69, -46, 30.6667)] [v3d (69, -30.6667, 30.6667)] [v3d (69, -15.3333, 30.6667)] [v3d (69, 7.10543e-15, 30.6667)] [v3d (69, 15.3333, 30.6667)] [v3d (69, 30.6667, 30.6667)] [v3d (69, 46, 30.6667)] [v3d (69, 61.3333, 30.6667)] 
ROW 3: [v3d (69, -76.6667, 15.3333)] [v3d (69, -61.3333, 15.3333)] [v3d (69, -46, 15.3333)] [v3d (69, -30.6667, 15.3333)] [v3d (69, -15.3333, 15.3333)] [v3d (69, 7.10543e-15, 15.3333)] [v3d (69, 15.3333, 15.3333)] [v3d (69, 30.6667, 15.3333)] [v3d (69, 46, 15.3333)] [v3d (69, 61.3333, 15.3333)] 
ROW 4: [v3d (69, -76.6667, 7.10543e-15)] [v3d (69, -61.3333, 7.10543e-15)] [v3d (69, -46, 7.10543e-15)] [v3d (69, -30.6667, 7.10543e-15)] [v3d (69, -15.3333, 7.10543e-15)] [v3d (69, 7.10543e-15, 7.10543e-15)] [v3d (69, 15.3333, 7.10543e-15)] [v3d (69, 30.6667, 7.10543e-15)] [v3d (69, 46, 7.10543e-15)] [v3d (69, 61.3333, 7.10543e-15)] 
ROW 5: [v3d (69, -76.6667, -15.3333)] [v3d (69, -61.3333, -15.3333)] [v3d (69, -46, -15.3333)] [v3d (69, -30.6667, -15.3333)] [v3d (69, -15.3333, -15.3333)] [v3d (69, 7.10543e-15, -15.3333)] [v3d (69, 15.3333, -15.3333)] [v3d (69, 30.6667, -15.3333)] [v3d (69, 46, -15.3333)] [v3d (69, 61.3333, -15.3333)] 
ROW 6: [v3d (69, -76.6667, -30.6667)] [v3d (69, -61.3333, -30.6667)] [v3d (69, -46, -30.6667)] [v3d (69, -30.6667, -30.6667)] [v3d (69, -15.3333, -30.6667)] [v3d (69, 7.10543e-15, -30.6667)] [v3d (69, 15.3333, -30.6667)] [v3d (69, 30.6667, -30.6667)] [v3d (69, 46, -30.6667)] [v3d (69, 61.3333, -30.6667)] 
ROW 7: [v3d (69, -76.6667, -46)] [v3d (69, -61.3333, -46)] [v3d (69, -46, -46)] [v3d (69, -30.6667, -46)] [v3d (69, -15.3333, -46)] [v3d (69, 7.10543e-15, -46)] [v3d (69, 15.3333, -46)] [v3d (69, 30.6667, -46)] [v3d (69, 46, -46)] [v3d (69, 61.3333, -46)] 
ROW 8: [v3d (69, -76.6667, -61.3333)] [v3d (69, -61.3333, -61.3333)] [v3d (69, -46, -61.3333)] [v3d (69, -30.6667, -61.3333)] [v3d (69, -15.3333, -61.3333)] [v3d (69, 7.10543e-15, -61.3333)] [v3d (69, 15.3333, -61.3333)] [v3d (69, 30.6667, -61.3333)] [v3d (69, 46, -61.3333)] [v3d (69, 61.3333, -61.3333)] 
ROW 9: [v3d (69, -76.6667, -76.6667)] [v3d (69, -61.3333, -76.6667)] [v3d (69, -46, -76.6667)] [v3d (69, -30.6667, -76.6667)] [v3d (69, -15.3333, -76.6667)] [v3d (69, 7.10543e-15, -76.6667)] [v3d (69, 15.3333, -76.6667)] [v3d (69, 30.6667, -76.6667)] [v3d (69, 46, -76.6667)] [v3d (69, 61.3333, -76.6667)] 
